3 2 1659 402955 42.1204139 -71.15819399999999
6 3 3500 849269 42.11834 -71.16507799999999
3 1 1244 402989 42.125499 -71.151657
3 2 1225 446464 42.12256199999999 -71.15445799999999
3 3 2400 574139 42.116164 -71.1524699
3 2 1156 394032 42.116941 -71.153111
4 3 3000 715837 42.124758 -71.16386
3 3 2730 581930 42.109065 -71.150818
3 2 1712 493810 42.11567 -71.155598
3 2 1070 471022 42.115667 -71.14295299999999
4 3 2982 767337 42.108723 -71.1452
4 5 3400 878136 42.1169749 -71.1668059
3 2 2062 562861 42.114567 -71.143563
3 2 1140 420752 42.123757 -71.16243899999999
3 2 2232 476531 42.122012 -71.1419729
5 4 3965 837777 42.115975 -71.16306
4 3 3361 830659 42.1069858 -71.14851999999999
4 3 2440 669002 42.12439699999999 -71.1617629
4 4 3505 849478 42.106398 -71.155918
4 3 3812 859201 42.11991 -71.14460199999999
